key,te,ta
-6486142615546983089,3525000000,3525010000.0
-6486142615546983089,3095000000,3095010000.0
-6486142615546983089,984000000,984010000.0
-6486142615546983089,2441000000,2441010000.0
-6486142615546983089,4024000000,4024010000.0
-6486142615546983089,1855000000,1855010000.0
-6486142615546983089,3890000000,3890010000.0
-6486142615546983089,3183000000,3183010000.0
-4617356294584629640,1185000000,1185010000.0
-4617356294584629640,1452000000,1452180000.0
-4617356294584629640,2509000000,2509180000.0
-4617356294584629640,4721000000,4721180000.0
-4617356294584629640,2592000000,2592180000.0
-4617356294584629640,4412000000,4412180000.0
-6486142615546983089,1242000000,1242180000.0
-6486142615546983089,3225000000,3225010000.0
-6486142615546983089,4635000000,4635010000.0
-6486142615546983089,2158000000,2158010000.0
-4617356294584629640,4024000000,4024010000.0
-6486142615546983089,988000000,988010000.0
-6486142615546983089,2767000000,2767010000.0
-6486142615546983089,3798000000,3798010000.0
-4617356294584629640,1380000000,1380010000.0
-4617356294584629640,3119000000,3119010000.0
-4617356294584629640,1335000000,1335010000.0
-4617356294584629640,1676000000,1676010000.0
-6486142615546983089,1540000000,1540010000.0
-6486142615546983089,3752000000,3752010000.0
-6486142615546983089,2255000000,2255010000.0
-4617356294584629640,2215000000,2215010000.0
-6486142615546983089,1431000000,1431010000.0
-6486142615546983089,3444000000,3444010000.0
-6486142615546983089,1626000000,1626010000.0
-6486142615546983089,2540000000,2540010000.0
-6486142615546983089,3433000000,3433010000.0
-4617356294584629640,1798000000,1798010000.0
-4617356294584629640,3936000000,3936010000.0
-6486142615546983089,1389000000,1389010000.0
-6486142615546983089,1039000000,1039010000.0
-6486142615546983089,2334000000,2334010000.0
-6486142615546983089,4254000000,4254010000.0
-4617356294584629640,1595000000,1595010000.0
-4617356294584629640,2871000000,2871010000.0
-6486142615546983089,1551000000,1551010000.0
-6486142615546983089,1397000000,1397010000.0
-6486142615546983089,2591000000,2591010000.0
-6486142615546983089,2003000000,2003010000.0
-6486142615546983089,3511000000,3511010000.0
-6486142615546983089,958000000,958010000.0
-6486142615546983089,1366000000,1366015000.0
-6486142615546983089,2213000000,2213015000.0
-6486142615546983089,3510000000,3510015000.0
-6486142615546983089,4295000000,4295015000.0
-6486142615546983089,3391000000,3391015000.0
-6486142615546983089,1787000000,1787010000.0
-6486142615546983089,1975000000,1975010000.0
-6486142615546983089,3777000000,3777010000.0
-6486142615546983089,2172000000,2172010000.0
-6486142615546983089,3687000000,3687010000.0
-6486142615546983089,4728000000,4728010000.0
-4617356294584629640,1412000000,1412010000.0
-4617356294584629640,4001000000,4001010000.0
-6486142615546983089,2885000000,2885010000.0
-6486142615546983089,1431000000,1431010000.0
-4617356294584629640,892000000,892010000.0
-4617356294584629640,2188000000,2188010000.0
-6486142615546983089,2058000000,2058010000.0
-6486142615546983089,2761000000,2761010000.0
-6486142615546983089,3543000000,3543010000.0
-6486142615546983089,1516000000,1516010000.0
-6486142615546983089,3320000000,3320010000.0
-6486142615546983089,1468000000,1468010000.0
-6486142615546983089,2156000000,2156010000.0
-6486142615546983089,2769000000,2769010000.0
-6486142615546983089,3668000000,3668010000.0
-6486142615546983089,2231000000,2231010000.0
-6486142615546983089,3874000000,3874010000.0
-6486142615546983089,1898000000,1898010000.0
-6486142615546983089,1192000000,1192010000.0
-6486142615546983089,3443000000,3443010000.0
-6486142615546983089,3779000000,3779010000.0
-6486142615546983089,1088000000,1088010000.0
-6486142615546983089,2058000000,2058225000.0
-6486142615546983089,3794000000,3794225000.0
-6486142615546983089,1126000000,1126225000.0
-6486142615546983089,2030000000,2030225000.0
-6486142615546983089,2999000000,2999010000.0
-6486142615546983089,4287000000,4287010000.0
-4617356294584629640,2226000000,2226010000.0
-4617356294584629640,3534000000,3534010000.0
-4617356294584629640,927000000,927010000.0
-6486142615546983089,1292000000,1292010000.0
-6486142615546983089,2615000000,2615010000.0
-6486142615546983089,2103000000,2103010000.0
-6486142615546983089,3934000000,3934010000.0
-6486142615546983089,1350000000,1350010000.0
-4617356294584629640,2779000000,2779010000.0
-4617356294584629640,3443000000,3443010000.0
-6486142615546983089,1573000000,1573010000.0
-6486142615546983089,3018000000,3018010000.0
-6486142615546983089,2491000000,2491010000.0
-6486142615546983089,1752000000,1752010000.0
-6486142615546983089,3168000000,3168010000.0
-6486142615546983089,2692000000,2692010000.0
-6486142615546983089,4082000000,4082010000.0
-6486142615546983089,4632000000,4632010000.0
-4617356294584629640,1934000000,1934010000.0
-4617356294584629640,3463000000,3463010000.0
-6486142615546983089,3756000000,3756010000.0
-6486142615546983089,4559000000,4559070000.0
-4617356294584629640,1911000000,1911070000.0
-6486142615546983089,1882000000,1882070000.0
-6486142615546983089,3057000000,3057070000.0
-4617356294584629640,4054000000,4054070000.0
-6486142615546983089,2096000000,2096010000.0
-6486142615546983089,1255000000,1255010000.0
-6486142615546983089,2152000000,2152010000.0
-6486142615546983089,4099000000,4099010000.0
-6486142615546983089,3701000000,3701010000.0
-6486142615546983089,1688000000,1688010000.0
-6486142615546983089,2680000000,2680045000.0
-4617356294584629640,1453000000,1453045000.0
-4617356294584629640,4413000000,4413045000.0
-6486142615546983089,1458000000,1458045000.0
-6486142615546983089,3207000000,3207045000.0
-6486142615546983089,3832000000,3832010000.0
-6486142615546983089,4181000000,4181010000.0
-6486142615546983089,1006000000,1006010000.0
-6486142615546983089,3395000000,3395010000.0
-6486142615546983089,4528000000,4528010000.0
-6486142615546983089,3461000000,3461010000.0
-6486142615546983089,1081000000,1081010000.0
-6486142615546983089,2916000000,2916010000.0
-6486142615546983089,4371000000,4371010000.0
-6486142615546983089,1531000000,1531010000.0
-6486142615546983089,4093000000,4093010000.0
-6486142615546983089,4210000000,4210010000.0
-6486142615546983089,2221000000,2221010000.0
-4617356294584629640,3654000000,3654010000.0
-4617356294584629640,4098000000,4098010000.0
-6486142615546983089,2058000000,2058010000.0
-6486142615546983089,1860000000,1860010000.0
-6486142615546983089,2417000000,2417010000.0
-6486142615546983089,4083000000,4083010000.0
-6486142615546983089,3695000000,3695010000.0
-6486142615546983089,4592000000,4592010000.0
-6486142615546983089,2277000000,2277160000.0
-6486142615546983089,3077000000,3077160000.0
-6486142615546983089,1123000000,1123160000.0
-6486142615546983089,1834000000,1834160000.0
-6486142615546983089,4098000000,4098160000.0
-6486142615546983089,2018000000,2018205000.0
-6486142615546983089,3198000000,3198205000.0
-6486142615546983089,4378000000,4378205000.0
-6486142615546983089,1362000000,1362205000.0
-6486142615546983089,3636000000,3636205000.0
-6486142615546983089,4756000000,4756010000.0
-4617356294584629640,1400000000,1400010000.0
-6486142615546983089,3530000000,3530010000.0
-6486142615546983089,2779000000,2779010000.0
-6486142615546983089,4473000000,4473010000.0
-6486142615546983089,2015000000,2015010000.0
-6486142615546983089,2697000000,2697010000.0
-6486142615546983089,3826000000,3826010000.0
-6486142615546983089,2416000000,2416010000.0
-6486142615546983089,3417000000,3417010000.0
-6486142615546983089,1834000000,1834010000.0
-4617356294584629640,2089000000,2089010000.0
-4617356294584629640,3562000000,3562010000.0
-6486142615546983089,1273000000,1273010000.0
-6486142615546983089,2722000000,2722010000.0
-6486142615546983089,3175000000,3175010000.0
-6486142615546983089,1193000000,1193010000.0
-6486142615546983089,1833000000,1833010000.0
-6486142615546983089,2447000000,2447010000.0
-6486142615546983089,4245000000,4245010000.0
-4617356294584629640,2144000000,2144010000.0
-4617356294584629640,3894000000,3894010000.0
-6486142615546983089,4364000000,4364050000.0
-4617356294584629640,804000000,804050000.0
-6486142615546983089,1219000000,1219050000.0
-6486142615546983089,2671000000,2671050000.0
-6486142615546983089,2708000000,2708050000.0
-6486142615546983089,1820000000,1820135000.0
-6486142615546983089,3863000000,3863135000.0
-4617356294584629640,2094000000,2094135000.0
-6486142615546983089,2577000000,2577135000.0
-6486142615546983089,3507000000,3507135000.0
-6486142615546983089,4560000000,4560135000.0
-6486142615546983089,1671000000,1671010000.0
-4617356294584629640,3336000000,3336010000.0
-4617356294584629640,1067000000,1067010000.0
-4617356294584629640,2599000000,2599010000.0
-4617356294584629640,4502000000,4502010000.0
-4617356294584629640,1645000000,1645010000.0
-4617356294584629640,2985000000,2985010000.0
-4617356294584629640,3949000000,3949010000.0
-4617356294584629640,2569000000,2569010000.0
-4617356294584629640,2324000000,2324010000.0
-4617356294584629640,4117000000,4117010000.0
-6486142615546983089,2624000000,2624010000.0
-6486142615546983089,4134000000,4134010000.0
-6486142615546983089,1295000000,1295010000.0
-6486142615546983089,1587000000,1587010000.0
-6486142615546983089,2496000000,2496010000.0
-6486142615546983089,2333000000,2333010000.0
-6486142615546983089,2644000000,2644010000.0
-6486142615546983089,4142000000,4142010000.0
-6486142615546983089,3179000000,3179010000.0
-6486142615546983089,3511000000,3511010000.0
-6486142615546983089,2918000000,2918010000.0
-6486142615546983089,4335000000,4335010000.0
-4617356294584629640,2126000000,2126010000.0
-4617356294584629640,3698000000,3698010000.0
-6486142615546983089,1240000000,1240010000.0
-6486142615546983089,3819000000,3819010000.0
-6486142615546983089,3119000000,3119210000.0
-6486142615546983089,4017000000,4017210000.0
-6486142615546983089,1349000000,1349210000.0
-6486142615546983089,3037000000,3037210000.0
-6486142615546983089,3861000000,3861210000.0
-6486142615546983089,2085000000,2085210000.0
-6486142615546983089,3737000000,3737115000.0
-6486142615546983089,1237000000,1237115000.0
-6486142615546983089,2435000000,2435115000.0
-6486142615546983089,3902000000,3902115000.0
-6486142615546983089,3259000000,3259115000.0
-6486142615546983089,921000000,921010000.0
-4617356294584629640,1131000000,1131010000.0
-4617356294584629640,3005000000,3005010000.0
-6486142615546983089,1656000000,1656010000.0
-6486142615546983089,2165000000,2165010000.0
-6486142615546983089,2669000000,2669010000.0
-6486142615546983089,3739000000,3739205000.0
-6486142615546983089,3958000000,3958205000.0
-6486142615546983089,2179000000,2179205000.0
-6486142615546983089,3395000000,3395205000.0
-6486142615546983089,3894000000,3894205000.0
-6486142615546983089,2397000000,2397230000.0
-6486142615546983089,3725000000,3725230000.0
-6486142615546983089,1553000000,1553230000.0
-6486142615546983089,2037000000,2037230000.0
-6486142615546983089,2426000000,2426230000.0
-6486142615546983089,3080000000,3080230000.0
-6486142615546983089,1341000000,1341185000.0
-6486142615546983089,2512000000,2512185000.0
-6486142615546983089,1385000000,1385185000.0
-6486142615546983089,2027000000,2027185000.0
-6486142615546983089,2724000000,2724185000.0
-6486142615546983089,1323000000,1323010000.0
-6486142615546983089,2324000000,2324010000.0
-6486142615546983089,3562000000,3562010000.0
-6486142615546983089,2476000000,2476010000.0
-6486142615546983089,2413000000,2413010000.0
-6486142615546983089,1643000000,1643010000.0
-6486142615546983089,2626000000,2626010000.0
-6486142615546983089,3096000000,3096010000.0
-6486142615546983089,4491000000,4491010000.0
-4617356294584629640,3518000000,3518010000.0
-4617356294584629640,3852000000,3852010000.0
-6486142615546983089,3708000000,3708010000.0
-4617356294584629640,1969000000,1969010000.0
-4617356294584629640,2993000000,2993010000.0
-4617356294584629640,3665000000,3665010000.0
-6486142615546983089,3450000000,3450010000.0
-6486142615546983089,4562000000,4562010000.0
-4617356294584629640,2457000000,2457010000.0
-4617356294584629640,3753000000,3753010000.0
-6486142615546983089,3020000000,3020010000.0
-4617356294584629640,1268000000,1268010000.0
-4617356294584629640,2216000000,2216010000.0
-6486142615546983089,2325000000,2325010000.0
-6486142615546983089,2896000000,2896010000.0
-6486142615546983089,3943000000,3943010000.0
-6486142615546983089,1838000000,1838010000.0
-6486142615546983089,2511000000,2511010000.0
-6486142615546983089,1420000000,1420010000.0
-6486142615546983089,2152000000,2152010000.0
-6486142615546983089,1656000000,1656010000.0
-6486142615546983089,4142000000,4142010000.0
-6486142615546983089,2161000000,2161010000.0
-6486142615546983089,2709000000,2709010000.0
-4617356294584629640,1616000000,1616080000.0
-4617356294584629640,4075000000,4075080000.0
-4617356294584629640,1633000000,1633080000.0
-4617356294584629640,3392000000,3392080000.0
-4617356294584629640,3977000000,3977080000.0
-6486142615546983089,2638000000,2638080000.0
-4617356294584629640,4745000000,4745010000.0
-6486142615546983089,2444000000,2444010000.0
-6486142615546983089,4040000000,4040010000.0
-6486142615546983089,4796000000,4796010000.0
-6486142615546983089,1395000000,1395010000.0
-6486142615546983089,2393000000,2393010000.0
-6486142615546983089,3093000000,3093220000.0
-6486142615546983089,1687000000,1687220000.0
-6486142615546983089,2568000000,2568220000.0
-4617356294584629640,1706000000,1706220000.0
-4617356294584629640,4124000000,4124220000.0
-6486142615546983089,1356000000,1356010000.0
-6486142615546983089,2352000000,2352010000.0
-6486142615546983089,3188000000,3188010000.0
-6486142615546983089,1877000000,1877010000.0
-6486142615546983089,2741000000,2741010000.0
-6486142615546983089,2441000000,2441055000.0
-6486142615546983089,4331000000,4331055000.0
-6486142615546983089,1897000000,1897055000.0
-6486142615546983089,3754000000,3754055000.0
-6486142615546983089,1412000000,1412055000.0
-6486142615546983089,2982000000,2982055000.0
-6486142615546983089,4236000000,4236205000.0
-6486142615546983089,1828000000,1828205000.0
-6486142615546983089,3151000000,3151205000.0
-6486142615546983089,4121000000,4121205000.0
-4617356294584629640,3541000000,3541205000.0
-4617356294584629640,2725000000,2725010000.0
-6486142615546983089,3730000000,3730010000.0
-6486142615546983089,4447000000,4447010000.0
-6486142615546983089,2059000000,2059010000.0
-6486142615546983089,2322000000,2322010000.0
-6486142615546983089,4018000000,4018010000.0
-6486142615546983089,2242000000,2242010000.0
-4617356294584629640,2681000000,2681010000.0
-4617356294584629640,3690000000,3690010000.0
-6486142615546983089,3317000000,3317010000.0
-6486142615546983089,1122000000,1122010000.0
-6486142615546983089,2804000000,2804150000.0
-4617356294584629640,2025000000,2025150000.0
-4617356294584629640,3553000000,3553150000.0
-6486142615546983089,2243000000,2243150000.0
-6486142615546983089,956000000,956150000.0
-6486142615546983089,2455000000,2455150000.0
-6486142615546983089,3514000000,3514010000.0
-6486142615546983089,4528000000,4528010000.0
-6486142615546983089,3805000000,3805010000.0
-4617356294584629640,1825000000,1825010000.0
-6486142615546983089,3958000000,3958010000.0
-6486142615546983089,2220000000,2220140000.0
-6486142615546983089,3161000000,3161140000.0
-6486142615546983089,2403000000,2403140000.0
-6486142615546983089,3111000000,3111140000.0
-6486142615546983089,2956000000,2956140000.0
-6486142615546983089,3680000000,3680140000.0
-6486142615546983089,2008000000,2008045000.0
-6486142615546983089,2858000000,2858045000.0
-6486142615546983089,3833000000,3833045000.0
-6486142615546983089,1975000000,1975045000.0
-6486142615546983089,3360000000,3360045000.0
-6486142615546983089,2210000000,2210095000.0
-6486142615546983089,2699000000,2699095000.0
-6486142615546983089,3349000000,3349095000.0
-6486142615546983089,1662000000,1662095000.0
-6486142615546983089,3586000000,3586095000.0
-6486142615546983089,2285000000,2285095000.0
-6486142615546983089,4406000000,4406010000.0
-6486142615546983089,3051000000,3051010000.0
-6486142615546983089,1944000000,1944010000.0
-4617356294584629640,3567000000,3567010000.0
-6486142615546983089,1723000000,1723010000.0
-6486142615546983089,2695000000,2695010000.0
-6486142615546983089,4096000000,4096010000.0
-6486142615546983089,1420000000,1420010000.0
-6486142615546983089,3639000000,3639010000.0
-6486142615546983089,3712000000,3712010000.0
-4617356294584629640,2210000000,2210010000.0
-4617356294584629640,2998000000,2998010000.0
-4617356294584629640,3788000000,3788010000.0
-6486142615546983089,1845000000,1845010000.0
-6486142615546983089,1056000000,1056010000.0
-6486142615546983089,2317000000,2317010000.0
-6486142615546983089,4052000000,4052010000.0
-6486142615546983089,1477000000,1477010000.0
-6486142615546983089,3648000000,3648010000.0
-6486142615546983089,2030000000,2030010000.0
-6486142615546983089,3028000000,3028010000.0
-4617356294584629640,1662000000,1662010000.0
-4617356294584629640,2742000000,2742010000.0
-6486142615546983089,1983000000,1983010000.0
-6486142615546983089,4017000000,4017010000.0
-4617356294584629640,2526000000,2526010000.0
-6486142615546983089,1528000000,1528010000.0
-6486142615546983089,2044000000,2044010000.0
-6486142615546983089,2482000000,2482010000.0
-6486142615546983089,3863000000,3863010000.0
-6486142615546983089,956000000,956010000.0
-6486142615546983089,2102000000,2102010000.0
-6486142615546983089,2937000000,2937010000.0
-4617356294584629640,2757000000,2757010000.0
-6486142615546983089,1806000000,1806010000.0
-4617356294584629640,4464000000,4464010000.0
-6486142615546983089,1939000000,1939010000.0
-6486142615546983089,1467000000,1467010000.0
-6486142615546983089,2259000000,2259010000.0
-6486142615546983089,2717000000,2717010000.0
-6486142615546983089,1483000000,1483010000.0
-6486142615546983089,3000000000,3000010000.0
-6486142615546983089,3996000000,3996010000.0
-6486142615546983089,1344000000,1344010000.0
-6486142615546983089,3347000000,3347115000.0
-6486142615546983089,1626000000,1626115000.0
-6486142615546983089,4226000000,4226115000.0
-6486142615546983089,2049000000,2049115000.0
-6486142615546983089,2360000000,2360115000.0
-6486142615546983089,1493000000,1493075000.0
-6486142615546983089,2330000000,2330075000.0
-6486142615546983089,2754000000,2754075000.0
-6486142615546983089,3369000000,3369075000.0
-4617356294584629640,1815000000,1815075000.0
-4617356294584629640,1018000000,1018010000.0
-4617356294584629640,1712000000,1712010000.0
-4617356294584629640,2567000000,2567010000.0
-6486142615546983089,2128000000,2128010000.0
-6486142615546983089,2867000000,2867010000.0
-6486142615546983089,1682000000,1682010000.0
-4617356294584629640,3600000000,3600105000.0
-6486142615546983089,2372000000,2372105000.0
-6486142615546983089,2750000000,2750105000.0
-6486142615546983089,4185000000,4185105000.0
-6486142615546983089,1975000000,1975105000.0
-6486142615546983089,3151000000,3151010000.0
-6486142615546983089,4147000000,4147010000.0
-6486142615546983089,3098000000,3098010000.0
-6486142615546983089,3892000000,3892010000.0
-6486142615546983089,2764000000,2764010000.0
-6486142615546983089,1926000000,1926010000.0
-6486142615546983089,3887000000,3887010000.0
-4617356294584629640,1006000000,1006010000.0
-4617356294584629640,3668000000,3668010000.0
-6486142615546983089,3306000000,3306010000.0
-6486142615546983089,2158000000,2158010000.0
-6486142615546983089,3961000000,3961010000.0
-4617356294584629640,1452000000,1452010000.0
-4617356294584629640,3847000000,3847010000.0
-4617356294584629640,4595000000,4595010000.0
-6486142615546983089,1884000000,1884010000.0
-6486142615546983089,2322000000,2322010000.0
-4617356294584629640,1568000000,1568010000.0
-4617356294584629640,2760000000,2760010000.0
-4617356294584629640,3856000000,3856010000.0
-6486142615546983089,3878000000,3878010000.0
-4617356294584629640,2222000000,2222010000.0
-6486142615546983089,1650000000,1650010000.0
-6486142615546983089,3796000000,3796010000.0
-6486142615546983089,4631000000,4631010000.0
-6486142615546983089,2903000000,2903010000.0
-6486142615546983089,3610000000,3610010000.0
-6486142615546983089,1067000000,1067010000.0
-6486142615546983089,1180000000,1180010000.0
-6486142615546983089,3454000000,3454010000.0
-6486142615546983089,2246000000,2246010000.0
-6486142615546983089,2486000000,2486010000.0
-4617356294584629640,2529000000,2529010000.0
-4617356294584629640,3663000000,3663010000.0
-4617356294584629640,4614000000,4614010000.0
-6486142615546983089,2595000000,2595010000.0
-6486142615546983089,1663000000,1663010000.0
-4617356294584629640,2701000000,2701010000.0
-4617356294584629640,4072000000,4072010000.0
-4617356294584629640,96000000,96010000.0
-4617356294584629640,1768000000,1768010000.0
-4617356294584629640,3547000000,3547010000.0
-6486142615546983089,2927000000,2927010000.0
-6486142615546983089,4424000000,4424010000.0
-6486142615546983089,1476000000,1476070000.0
-6486142615546983089,2501000000,2501070000.0
-6486142615546983089,3757000000,3757070000.0
-6486142615546983089,3084000000,3084070000.0
-4617356294584629640,1844000000,1844070000.0
-4617356294584629640,4157000000,4157010000.0
-6486142615546983089,2452000000,2452010000.0
-6486142615546983089,1802000000,1802010000.0
-6486142615546983089,2344000000,2344010000.0
-6486142615546983089,2114000000,2114010000.0
-6486142615546983089,4195000000,4195010000.0
-6486142615546983089,2293000000,2293205000.0
-6486142615546983089,5359000000,5359205000.0
-6486142615546983089,1611000000,1611205000.0
-6486142615546983089,3411000000,3411205000.0
-6486142615546983089,433000000,433205000.0
-6486142615546983089,2010000000,2010080000.0
-6486142615546983089,3456000000,3456080000.0
-6486142615546983089,1524000000,1524080000.0
-6486142615546983089,2865000000,2865080000.0
-6486142615546983089,3540000000,3540080000.0
-6486142615546983089,1432000000,1432080000.0
-6486142615546983089,1772000000,1772010000.0
-6486142615546983089,2583000000,2583010000.0
-6486142615546983089,2230000000,2230010000.0
-6486142615546983089,2683000000,2683010000.0
-6486142615546983089,2593000000,2593010000.0
-6486142615546983089,4041000000,4041010000.0
-6486142615546983089,2161000000,2161010000.0
-6486142615546983089,3054000000,3054010000.0
-6486142615546983089,1272000000,1272010000.0
-4617356294584629640,2302000000,2302010000.0
-4617356294584629640,3626000000,3626010000.0
-6486142615546983089,1796000000,1796010000.0
-4617356294584629640,1515000000,1515010000.0
-4617356294584629640,3353000000,3353010000.0
-4617356294584629640,4296000000,4296010000.0
-6486142615546983089,2039000000,2039010000.0
-6486142615546983089,1230000000,1230010000.0
-6486142615546983089,3169000000,3169235000.0
-6486142615546983089,4270000000,4270235000.0
-6486142615546983089,2205000000,2205235000.0
-6486142615546983089,2031000000,2031235000.0
-6486142615546983089,1974000000,1974235000.0
-6486142615546983089,2752000000,2752010000.0
-6486142615546983089,3603000000,3603010000.0
-6486142615546983089,2374000000,2374010000.0
-6486142615546983089,2407000000,2407010000.0
-6486142615546983089,2727000000,2727010000.0
-6486142615546983089,3933000000,3933010000.0
-6486142615546983089,3477000000,3477010000.0
-6486142615546983089,2345000000,2345010000.0
-6486142615546983089,2878000000,2878010000.0
-6486142615546983089,1739000000,1739010000.0
-6486142615546983089,4172000000,4172010000.0
-6486142615546983089,1840000000,1840020000.0
-6486142615546983089,2784000000,2784020000.0
-4617356294584629640,4371000000,4371020000.0
-6486142615546983089,2366000000,2366020000.0
-6486142615546983089,4573000000,4573020000.0
-6486142615546983089,2882000000,2882020000.0
-6486142615546983089,3925000000,3925200000.0
-6486142615546983089,3888000000,3888200000.0
-6486142615546983089,1195000000,1195200000.0
-6486142615546983089,2566000000,2566200000.0
-6486142615546983089,3364000000,3364200000.0
-6486142615546983089,1761000000,1761240000.0
-6486142615546983089,1616000000,1616240000.0
-6486142615546983089,2352000000,2352240000.0
-4617356294584629640,2785000000,2785240000.0
-6486142615546983089,1663000000,1663240000.0
-6486142615546983089,2652000000,2652240000.0
-6486142615546983089,4448000000,4448010000.0
-6486142615546983089,914000000,914010000.0
-6486142615546983089,3247000000,3247010000.0
-6486142615546983089,4217000000,4217010000.0
-6486142615546983089,920000000,920010000.0
-6486142615546983089,3298000000,3298010000.0
-6486142615546983089,1605000000,1605010000.0
-4617356294584629640,4444000000,4444010000.0
-6486142615546983089,3090000000,3090010000.0
-6486142615546983089,4144000000,4144010000.0
-4617356294584629640,4028000000,4028010000.0
-6486142615546983089,1370000000,1370010000.0
-6486142615546983089,2125000000,2125010000.0
-6486142615546983089,2694000000,2694010000.0
-6486142615546983089,1117000000,1117010000.0
-6486142615546983089,3114000000,3114010000.0
-6486142615546983089,4433000000,4433010000.0
-4617356294584629640,2847000000,2847010000.0
-4617356294584629640,3525000000,3525010000.0
-6486142615546983089,1926000000,1926010000.0
-6486142615546983089,1226000000,1226010000.0
-6486142615546983089,3483000000,3483010000.0
-6486142615546983089,4495000000,4495010000.0
-6486142615546983089,1074000000,1074010000.0
-6486142615546983089,2261000000,2261010000.0
-4617356294584629640,3222000000,3222010000.0
-4617356294584629640,4345000000,4345010000.0
-6486142615546983089,3909000000,3909010000.0
-6486142615546983089,2531000000,2531010000.0
-6486142615546983089,4026000000,4026010000.0
-6486142615546983089,1573000000,1573010000.0
-6486142615546983089,4433000000,4433010000.0
-6486142615546983089,2733000000,2733010000.0
-6486142615546983089,3781000000,3781010000.0
-4617356294584629640,1461000000,1461010000.0
-6486142615546983089,1636000000,1636010000.0
-6486142615546983089,2818000000,2818010000.0
-6486142615546983089,856000000,856010000.0
-6486142615546983089,3815000000,3815010000.0
-6486142615546983089,4125000000,4125010000.0
-6486142615546983089,2796000000,2796010000.0
-6486142615546983089,3486000000,3486010000.0
-6486142615546983089,4623000000,4623010000.0
-6486142615546983089,3442000000,3442010000.0
-6486142615546983089,4353000000,4353010000.0
-6486142615546983089,1506000000,1506010000.0
-6486142615546983089,1482000000,1482010000.0
-6486142615546983089,2352000000,2352010000.0
-6486142615546983089,3921000000,3921010000.0
-6486142615546983089,4758000000,4758010000.0
-6486142615546983089,1866000000,1866010000.0
-6486142615546983089,2860000000,2860010000.0
-6486142615546983089,4388000000,4388010000.0
-6486142615546983089,2308000000,2308010000.0
-6486142615546983089,3791000000,3791010000.0
-6486142615546983089,1781000000,1781010000.0
-6486142615546983089,1230000000,1230010000.0
-6486142615546983089,2128000000,2128010000.0
-6486142615546983089,1594000000,1594010000.0
-6486142615546983089,1909000000,1909010000.0
-6486142615546983089,3604000000,3604010000.0
-6486142615546983089,4391000000,4391010000.0
-6486142615546983089,2998000000,2998010000.0
-6486142615546983089,3747000000,3747010000.0
-6486142615546983089,1314000000,1314010000.0
-6486142615546983089,2955000000,2955010000.0
-6486142615546983089,2551000000,2551010000.0
-6486142615546983089,1016000000,1016010000.0
-6486142615546983089,2150000000,2150010000.0
-6486142615546983089,2841000000,2841010000.0
-6486142615546983089,1294000000,1294010000.0
-6486142615546983089,2304000000,2304010000.0
-6486142615546983089,2765000000,2765010000.0
-6486142615546983089,4201000000,4201010000.0
-6486142615546983089,1818000000,1818010000.0
-6486142615546983089,2098000000,2098010000.0
-6486142615546983089,3752000000,3752010000.0
-6486142615546983089,4475000000,4475010000.0
-6486142615546983089,2709000000,2709010000.0
-6486142615546983089,3958000000,3958010000.0
-6486142615546983089,1279000000,1279010000.0
-6486142615546983089,2218000000,2218010000.0
-6486142615546983089,3836000000,3836010000.0
-6486142615546983089,4197000000,4197010000.0
-6486142615546983089,3474000000,3474010000.0
-6486142615546983089,1794000000,1794010000.0
-6486142615546983089,2855000000,2855010000.0
-6486142615546983089,1242000000,1242010000.0
-6486142615546983089,2707000000,2707010000.0
-4617356294584629640,4545000000,4545010000.0
-6486142615546983089,954000000,954010000.0
-6486142615546983089,2482000000,2482010000.0
-6486142615546983089,1676000000,1676010000.0
-6486142615546983089,4045000000,4045010000.0
-6486142615546983089,2487000000,2487010000.0
-6486142615546983089,3317000000,3317010000.0
-6486142615546983089,4097000000,4097010000.0
-4617356294584629640,1867000000,1867010000.0
-4617356294584629640,3136000000,3136010000.0
-6486142615546983089,3187000000,3187010000.0
-6486142615546983089,1077000000,1077010000.0
-6486142615546983089,2476000000,2476010000.0
-6486142615546983089,3224000000,3224010000.0
-6486142615546983089,4552000000,4552010000.0
-6486142615546983089,1323000000,1323010000.0
-6486142615546983089,1522000000,1522010000.0
-6486142615546983089,2773000000,2773010000.0
-6486142615546983089,3276000000,3276010000.0
-6486142615546983089,1810000000,1810010000.0
-6486142615546983089,3864000000,3864010000.0
-6486142615546983089,3693000000,3693010000.0
-6486142615546983089,2929000000,2929010000.0
-6486142615546983089,3989000000,3989010000.0
-6486142615546983089,1503000000,1503010000.0
-6486142615546983089,3357000000,3357010000.0
-6486142615546983089,4597000000,4597010000.0
-4617356294584629640,1594000000,1594010000.0
-6486142615546983089,4477000000,4477010000.0
-4617356294584629640,1025000000,1025010000.0
-6486142615546983089,1969000000,1969010000.0
-6486142615546983089,2922000000,2922010000.0
-6486142615546983089,2833000000,2833010000.0
-6486142615546983089,2623000000,2623010000.0
-6486142615546983089,3268000000,3268010000.0
-6486142615546983089,2870000000,2870010000.0
-6486142615546983089,3766000000,3766010000.0
-6486142615546983089,4181000000,4181010000.0
-4617356294584629640,2276000000,2276010000.0
-6486142615546983089,4483000000,4483010000.0
-6486142615546983089,2301000000,2301010000.0
-4617356294584629640,1706000000,1706010000.0
-4617356294584629640,2777000000,2777010000.0
-6486142615546983089,3658000000,3658010000.0
-6486142615546983089,1080000000,1080010000.0
-6486142615546983089,2831000000,2831010000.0
-6486142615546983089,4485000000,4485010000.0
-6486142615546983089,1286000000,1286010000.0
-6486142615546983089,2297000000,2297010000.0
-6486142615546983089,3700000000,3700010000.0
-6486142615546983089,1579000000,1579010000.0
-6486142615546983089,2425000000,2425010000.0
-6486142615546983089,4158000000,4158010000.0
-6486142615546983089,2850000000,2850010000.0
-6486142615546983089,1854000000,1854010000.0
-6486142615546983089,2684000000,2684010000.0
-6486142615546983089,1472000000,1472010000.0
-6486142615546983089,2172000000,2172010000.0
-6486142615546983089,2549000000,2549010000.0
-6486142615546983089,3091000000,3091010000.0
-6486142615546983089,1150000000,1150010000.0
-6486142615546983089,3043000000,3043010000.0
-6486142615546983089,4238000000,4238010000.0
